function [B] = ATRIAS3D_B_Hip(q) %#codegen
	% Generated by writeOptimizedFunctions (13 Oct 2016 15:06:29)

	xT = q(1);
	yT = q(2);
	zT = q(3);
	qzT = q(4);
	qyT = q(5);
	qxT = q(6);
	q1R = q(7);
	q2R = q(8);
	q1L = q(9);
	q2L = q(10);
	qgr1R = q(11);
	qgr2R = q(12);
	q3R = q(13);
	qgr1L = q(14);
	qgr2L = q(15);
	q3L = q(16);

	B = zeros(16,6);
	B(1,1) = 0;
	B(1,2) = 0;
	B(1,3) = 0;
	B(1,4) = 0;
	B(1,5) = 0;
	B(1,6) = 0;
	B(2,1) = 0;
	B(2,2) = 0;
	B(2,3) = 0;
	B(2,4) = 0;
	B(2,5) = 0;
	B(2,6) = 0;
	B(3,1) = 0;
	B(3,2) = 0;
	B(3,3) = 0;
	B(3,4) = 0;
	B(3,5) = 0;
	B(3,6) = 0;
	B(4,1) = 0;
	B(4,2) = 0;
	B(4,3) = 0;
	B(4,4) = 0;
	B(4,5) = 0;
	B(4,6) = 0;
	B(5,1) = 0;
	B(5,2) = 0;
	B(5,3) = 0;
	B(5,4) = 0;
	B(5,5) = 0;
	B(5,6) = 0;
	B(6,1) = 0;
	B(6,2) = 0;
	B(6,3) = 0;
	B(6,4) = 0;
	B(6,5) = 0;
	B(6,6) = 0;
	B(7,1) = 0;
	B(7,2) = 0;
	B(7,3) = 0;
	B(7,4) = 0;
	B(7,5) = 0;
	B(7,6) = 0;
	B(8,1) = 0;
	B(8,2) = 0;
	B(8,3) = 0;
	B(8,4) = 0;
	B(8,5) = 0;
	B(8,6) = 0;
	B(9,1) = 0;
	B(9,2) = 0;
	B(9,3) = 0;
	B(9,4) = 0;
	B(9,5) = 0;
	B(9,6) = 0;
	B(10,1) = 0;
	B(10,2) = 0;
	B(10,3) = 0;
	B(10,4) = 0;
	B(10,5) = 0;
	B(10,6) = 0;
	B(11,1) = 0.50e2;
	B(11,2) = 0;
	B(11,3) = 0;
	B(11,4) = 0;
	B(11,5) = 0;
	B(11,6) = 0;
	B(12,1) = 0;
	B(12,2) = 0.50e2;
	B(12,3) = 0;
	B(12,4) = 0;
	B(12,5) = 0;
	B(12,6) = 0;
	B(13,1) = 0;
	B(13,2) = 0;
	B(13,3) = 0.2670000000000000e2;
	B(13,4) = 0;
	B(13,5) = 0;
	B(13,6) = 0;
	B(14,1) = 0;
	B(14,2) = 0;
	B(14,3) = 0;
	B(14,4) = 0.50e2;
	B(14,5) = 0;
	B(14,6) = 0;
	B(15,1) = 0;
	B(15,2) = 0;
	B(15,3) = 0;
	B(15,4) = 0;
	B(15,5) = 0.50e2;
	B(15,6) = 0;
	B(16,1) = 0;
	B(16,2) = 0;
	B(16,3) = 0;
	B(16,4) = 0;
	B(16,5) = 0;
	B(16,6) = 0.2670000000000000e2;
	
end
