function out1 = f_ddy_timeBased_LeftStance(in1,in2)
%F_DDY_TIMEBASED_LEFTSTANCE
%    OUT1 = F_DDY_TIMEBASED_LEFTSTANCE(IN1,IN2)

%    This function was generated by the Symbolic Math Toolbox version 7.0.
%    26-Jan-2017 22:34:48

Kd = in2(:,4);
Kp = in2(:,3);
N = in2(:,1);
T = in1(:,49);
a_1_1 = in1(:,50);
a_1_2 = in1(:,56);
a_1_3 = in1(:,62);
a_1_4 = in1(:,68);
a_1_5 = in1(:,74);
a_1_6 = in1(:,80);
a_2_1 = in1(:,51);
a_2_2 = in1(:,57);
a_2_3 = in1(:,63);
a_2_4 = in1(:,69);
a_2_5 = in1(:,75);
a_2_6 = in1(:,81);
a_3_1 = in1(:,52);
a_3_2 = in1(:,58);
a_3_3 = in1(:,64);
a_3_4 = in1(:,70);
a_3_5 = in1(:,76);
a_3_6 = in1(:,82);
a_4_1 = in1(:,53);
a_4_2 = in1(:,59);
a_4_3 = in1(:,65);
a_4_4 = in1(:,71);
a_4_5 = in1(:,77);
a_4_6 = in1(:,83);
a_5_1 = in1(:,54);
a_5_2 = in1(:,60);
a_5_3 = in1(:,66);
a_5_4 = in1(:,72);
a_5_5 = in1(:,78);
a_5_6 = in1(:,84);
a_6_1 = in1(:,55);
a_6_2 = in1(:,61);
a_6_3 = in1(:,67);
a_6_4 = in1(:,73);
a_6_5 = in1(:,79);
a_6_6 = in1(:,85);
ddq7 = in1(:,39);
ddq8 = in1(:,40);
ddq9 = in1(:,41);
ddq12 = in1(:,44);
ddq13 = in1(:,45);
ddq14 = in1(:,46);
dq7 = in1(:,23);
dq8 = in1(:,24);
dq9 = in1(:,25);
dq12 = in1(:,28);
dq13 = in1(:,29);
dq14 = in1(:,30);
index = in2(:,2);
q7 = in1(:,7);
q8 = in1(:,8);
q9 = in1(:,9);
q12 = in1(:,12);
q13 = in1(:,13);
q14 = in1(:,14);
t5 = N-1.0;
t6 = index-1.0;
t9 = 1.0./t5;
t10 = t6.*t9;
t2 = t10-1.0;
t3 = t2.^2;
t4 = t3.^2;
t7 = t6.^2;
t8 = t7.^2;
t11 = 1.0./T;
t12 = 1.0./t5.^4;
t13 = 1.0./t5.^3;
t14 = t6.*t9.*5.0;
t15 = t14-5.0;
t16 = 1.0./t5.^2;
t17 = 1.0./T.^2;
t18 = 1.0./t5.^5;
out1 = [ddq7+Kd.*(dq7+a_1_1.*t4.*t11.*5.0-a_2_1.*t4.*t11.*5.0+a_5_1.*t8.*t11.*t12.*5.0-a_6_1.*t8.*t11.*t12.*5.0+a_3_1.*t3.*t7.*t11.*t16.*3.0e1-a_4_1.*t3.*t7.*t11.*t16.*3.0e1-a_2_1.*t2.*t3.*t6.*t9.*t11.*2.0e1+a_3_1.*t2.*t3.*t6.*t9.*t11.*2.0e1-a_4_1.*t2.*t6.*t7.*t11.*t13.*2.0e1+a_5_1.*t6.*t7.*t11.*t13.*t15.*4.0)+Kp.*(q7+a_1_1.*t2.*t4-a_2_1.*t4.*t6.*t9.*5.0+a_5_1.*t8.*t12.*t15-a_6_1.*t6.*t8.*t18+a_3_1.*t2.*t3.*t7.*t16.*1.0e1-a_4_1.*t3.*t6.*t7.*t13.*1.0e1)+a_1_1.*t2.*t3.*t17.*2.0e1-a_2_1.*t2.*t3.*t17.*4.0e1+a_3_1.*t2.*t3.*t17.*2.0e1-a_2_1.*t3.*t6.*t9.*t17.*6.0e1+a_3_1.*t3.*t6.*t9.*t17.*1.2e2+a_3_1.*t2.*t7.*t16.*t17.*6.0e1-a_4_1.*t3.*t6.*t9.*t17.*6.0e1-a_4_1.*t2.*t7.*t16.*t17.*1.2e2-a_4_1.*t6.*t7.*t13.*t17.*2.0e1+a_5_1.*t6.*t7.*t13.*t17.*4.0e1-a_6_1.*t6.*t7.*t13.*t17.*2.0e1+a_5_1.*t7.*t15.*t16.*t17.*1.2e1;ddq8+Kd.*(dq8+a_1_2.*t4.*t11.*5.0-a_2_2.*t4.*t11.*5.0+a_5_2.*t8.*t11.*t12.*5.0-a_6_2.*t8.*t11.*t12.*5.0+a_3_2.*t3.*t7.*t11.*t16.*3.0e1-a_4_2.*t3.*t7.*t11.*t16.*3.0e1-a_2_2.*t2.*t3.*t6.*t9.*t11.*2.0e1+a_3_2.*t2.*t3.*t6.*t9.*t11.*2.0e1-a_4_2.*t2.*t6.*t7.*t11.*t13.*2.0e1+a_5_2.*t6.*t7.*t11.*t13.*t15.*4.0)+Kp.*(q8+a_1_2.*t2.*t4-a_2_2.*t4.*t6.*t9.*5.0+a_5_2.*t8.*t12.*t15-a_6_2.*t6.*t8.*t18+a_3_2.*t2.*t3.*t7.*t16.*1.0e1-a_4_2.*t3.*t6.*t7.*t13.*1.0e1)+a_1_2.*t2.*t3.*t17.*2.0e1-a_2_2.*t2.*t3.*t17.*4.0e1+a_3_2.*t2.*t3.*t17.*2.0e1-a_2_2.*t3.*t6.*t9.*t17.*6.0e1+a_3_2.*t3.*t6.*t9.*t17.*1.2e2+a_3_2.*t2.*t7.*t16.*t17.*6.0e1-a_4_2.*t3.*t6.*t9.*t17.*6.0e1-a_4_2.*t2.*t7.*t16.*t17.*1.2e2-a_4_2.*t6.*t7.*t13.*t17.*2.0e1+a_5_2.*t6.*t7.*t13.*t17.*4.0e1-a_6_2.*t6.*t7.*t13.*t17.*2.0e1+a_5_2.*t7.*t15.*t16.*t17.*1.2e1;ddq9+Kd.*(dq9+a_1_3.*t4.*t11.*5.0-a_2_3.*t4.*t11.*5.0+a_5_3.*t8.*t11.*t12.*5.0-a_6_3.*t8.*t11.*t12.*5.0+a_3_3.*t3.*t7.*t11.*t16.*3.0e1-a_4_3.*t3.*t7.*t11.*t16.*3.0e1-a_2_3.*t2.*t3.*t6.*t9.*t11.*2.0e1+a_3_3.*t2.*t3.*t6.*t9.*t11.*2.0e1-a_4_3.*t2.*t6.*t7.*t11.*t13.*2.0e1+a_5_3.*t6.*t7.*t11.*t13.*t15.*4.0)+Kp.*(q9+a_1_3.*t2.*t4-a_2_3.*t4.*t6.*t9.*5.0+a_5_3.*t8.*t12.*t15-a_6_3.*t6.*t8.*t18+a_3_3.*t2.*t3.*t7.*t16.*1.0e1-a_4_3.*t3.*t6.*t7.*t13.*1.0e1)+a_1_3.*t2.*t3.*t17.*2.0e1-a_2_3.*t2.*t3.*t17.*4.0e1+a_3_3.*t2.*t3.*t17.*2.0e1-a_2_3.*t3.*t6.*t9.*t17.*6.0e1+a_3_3.*t3.*t6.*t9.*t17.*1.2e2+a_3_3.*t2.*t7.*t16.*t17.*6.0e1-a_4_3.*t3.*t6.*t9.*t17.*6.0e1-a_4_3.*t2.*t7.*t16.*t17.*1.2e2-a_4_3.*t6.*t7.*t13.*t17.*2.0e1+a_5_3.*t6.*t7.*t13.*t17.*4.0e1-a_6_3.*t6.*t7.*t13.*t17.*2.0e1+a_5_3.*t7.*t15.*t16.*t17.*1.2e1;ddq12+Kd.*(dq12+a_1_4.*t4.*t11.*5.0-a_2_4.*t4.*t11.*5.0+a_5_4.*t8.*t11.*t12.*5.0-a_6_4.*t8.*t11.*t12.*5.0+a_3_4.*t3.*t7.*t11.*t16.*3.0e1-a_4_4.*t3.*t7.*t11.*t16.*3.0e1-a_2_4.*t2.*t3.*t6.*t9.*t11.*2.0e1+a_3_4.*t2.*t3.*t6.*t9.*t11.*2.0e1-a_4_4.*t2.*t6.*t7.*t11.*t13.*2.0e1+a_5_4.*t6.*t7.*t11.*t13.*t15.*4.0)+Kp.*(q12+a_1_4.*t2.*t4-a_2_4.*t4.*t6.*t9.*5.0+a_5_4.*t8.*t12.*t15-a_6_4.*t6.*t8.*t18+a_3_4.*t2.*t3.*t7.*t16.*1.0e1-a_4_4.*t3.*t6.*t7.*t13.*1.0e1)+a_1_4.*t2.*t3.*t17.*2.0e1-a_2_4.*t2.*t3.*t17.*4.0e1+a_3_4.*t2.*t3.*t17.*2.0e1-a_2_4.*t3.*t6.*t9.*t17.*6.0e1+a_3_4.*t3.*t6.*t9.*t17.*1.2e2+a_3_4.*t2.*t7.*t16.*t17.*6.0e1-a_4_4.*t3.*t6.*t9.*t17.*6.0e1-a_4_4.*t2.*t7.*t16.*t17.*1.2e2-a_4_4.*t6.*t7.*t13.*t17.*2.0e1+a_5_4.*t6.*t7.*t13.*t17.*4.0e1-a_6_4.*t6.*t7.*t13.*t17.*2.0e1+a_5_4.*t7.*t15.*t16.*t17.*1.2e1;ddq13+Kd.*(dq13+a_1_5.*t4.*t11.*5.0-a_2_5.*t4.*t11.*5.0+a_5_5.*t8.*t11.*t12.*5.0-a_6_5.*t8.*t11.*t12.*5.0+a_3_5.*t3.*t7.*t11.*t16.*3.0e1-a_4_5.*t3.*t7.*t11.*t16.*3.0e1-a_2_5.*t2.*t3.*t6.*t9.*t11.*2.0e1+a_3_5.*t2.*t3.*t6.*t9.*t11.*2.0e1-a_4_5.*t2.*t6.*t7.*t11.*t13.*2.0e1+a_5_5.*t6.*t7.*t11.*t13.*t15.*4.0)+Kp.*(q13+a_1_5.*t2.*t4-a_2_5.*t4.*t6.*t9.*5.0+a_5_5.*t8.*t12.*t15-a_6_5.*t6.*t8.*t18+a_3_5.*t2.*t3.*t7.*t16.*1.0e1-a_4_5.*t3.*t6.*t7.*t13.*1.0e1)+a_1_5.*t2.*t3.*t17.*2.0e1-a_2_5.*t2.*t3.*t17.*4.0e1+a_3_5.*t2.*t3.*t17.*2.0e1-a_2_5.*t3.*t6.*t9.*t17.*6.0e1+a_3_5.*t3.*t6.*t9.*t17.*1.2e2+a_3_5.*t2.*t7.*t16.*t17.*6.0e1-a_4_5.*t3.*t6.*t9.*t17.*6.0e1-a_4_5.*t2.*t7.*t16.*t17.*1.2e2-a_4_5.*t6.*t7.*t13.*t17.*2.0e1+a_5_5.*t6.*t7.*t13.*t17.*4.0e1-a_6_5.*t6.*t7.*t13.*t17.*2.0e1+a_5_5.*t7.*t15.*t16.*t17.*1.2e1;ddq14+Kd.*(dq14+a_1_6.*t4.*t11.*5.0-a_2_6.*t4.*t11.*5.0+a_5_6.*t8.*t11.*t12.*5.0-a_6_6.*t8.*t11.*t12.*5.0+a_3_6.*t3.*t7.*t11.*t16.*3.0e1-a_4_6.*t3.*t7.*t11.*t16.*3.0e1-a_2_6.*t2.*t3.*t6.*t9.*t11.*2.0e1+a_3_6.*t2.*t3.*t6.*t9.*t11.*2.0e1-a_4_6.*t2.*t6.*t7.*t11.*t13.*2.0e1+a_5_6.*t6.*t7.*t11.*t13.*t15.*4.0)+Kp.*(q14+a_1_6.*t2.*t4-a_2_6.*t4.*t6.*t9.*5.0+a_5_6.*t8.*t12.*t15-a_6_6.*t6.*t8.*t18+a_3_6.*t2.*t3.*t7.*t16.*1.0e1-a_4_6.*t3.*t6.*t7.*t13.*1.0e1)+a_1_6.*t2.*t3.*t17.*2.0e1-a_2_6.*t2.*t3.*t17.*4.0e1+a_3_6.*t2.*t3.*t17.*2.0e1-a_2_6.*t3.*t6.*t9.*t17.*6.0e1+a_3_6.*t3.*t6.*t9.*t17.*1.2e2+a_3_6.*t2.*t7.*t16.*t17.*6.0e1-a_4_6.*t3.*t6.*t9.*t17.*6.0e1-a_4_6.*t2.*t7.*t16.*t17.*1.2e2-a_4_6.*t6.*t7.*t13.*t17.*2.0e1+a_5_6.*t6.*t7.*t13.*t17.*4.0e1-a_6_6.*t6.*t7.*t13.*t17.*2.0e1+a_5_6.*t7.*t15.*t16.*t17.*1.2e1];
