function out1 = f_dy_timeBased_RightStance(in1,in2)
%F_DY_TIMEBASED_RIGHTSTANCE
%    OUT1 = F_DY_TIMEBASED_RIGHTSTANCE(IN1,IN2)

%    This function was generated by the Symbolic Math Toolbox version 7.0.
%    26-Jan-2017 22:34:14

N = in2(:,1);
T = in1(:,33);
a_1_1 = in1(:,34);
a_1_2 = in1(:,40);
a_1_3 = in1(:,46);
a_1_4 = in1(:,52);
a_1_5 = in1(:,58);
a_1_6 = in1(:,64);
a_2_1 = in1(:,35);
a_2_2 = in1(:,41);
a_2_3 = in1(:,47);
a_2_4 = in1(:,53);
a_2_5 = in1(:,59);
a_2_6 = in1(:,65);
a_3_1 = in1(:,36);
a_3_2 = in1(:,42);
a_3_3 = in1(:,48);
a_3_4 = in1(:,54);
a_3_5 = in1(:,60);
a_3_6 = in1(:,66);
a_4_1 = in1(:,37);
a_4_2 = in1(:,43);
a_4_3 = in1(:,49);
a_4_4 = in1(:,55);
a_4_5 = in1(:,61);
a_4_6 = in1(:,67);
a_5_1 = in1(:,38);
a_5_2 = in1(:,44);
a_5_3 = in1(:,50);
a_5_4 = in1(:,56);
a_5_5 = in1(:,62);
a_5_6 = in1(:,68);
a_6_1 = in1(:,39);
a_6_2 = in1(:,45);
a_6_3 = in1(:,51);
a_6_4 = in1(:,57);
a_6_5 = in1(:,63);
a_6_6 = in1(:,69);
dq7 = in1(:,23);
dq8 = in1(:,24);
dq9 = in1(:,25);
dq12 = in1(:,28);
dq13 = in1(:,29);
dq14 = in1(:,30);
index = in2(:,2);
t5 = N-1.0;
t6 = 1.0./t5;
t7 = index-1.0;
t8 = t6.*t7;
t2 = t8-1.0;
t3 = t2.^2;
t4 = 1.0./T;
t9 = t3.^2;
t10 = t7.^2;
t11 = 1.0./t5.^4;
t12 = t10.^2;
t13 = 1.0./t5.^3;
t14 = 1.0./t5.^2;
t15 = t6.*t7.*5.0;
t16 = t15-5.0;
out1 = [dq7+a_1_1.*t4.*t9.*5.0-a_2_1.*t4.*t9.*5.0+a_5_1.*t4.*t11.*t12.*5.0-a_6_1.*t4.*t11.*t12.*5.0+a_3_1.*t3.*t4.*t10.*t14.*3.0e1-a_4_1.*t3.*t4.*t10.*t14.*3.0e1-a_2_1.*t2.*t3.*t4.*t6.*t7.*2.0e1+a_3_1.*t2.*t3.*t4.*t6.*t7.*2.0e1-a_4_1.*t2.*t4.*t7.*t10.*t13.*2.0e1+a_5_1.*t4.*t7.*t10.*t13.*t16.*4.0;dq8+a_1_2.*t4.*t9.*5.0-a_2_2.*t4.*t9.*5.0+a_5_2.*t4.*t11.*t12.*5.0-a_6_2.*t4.*t11.*t12.*5.0+a_3_2.*t3.*t4.*t10.*t14.*3.0e1-a_4_2.*t3.*t4.*t10.*t14.*3.0e1-a_2_2.*t2.*t3.*t4.*t6.*t7.*2.0e1+a_3_2.*t2.*t3.*t4.*t6.*t7.*2.0e1-a_4_2.*t2.*t4.*t7.*t10.*t13.*2.0e1+a_5_2.*t4.*t7.*t10.*t13.*t16.*4.0;dq9+a_1_3.*t4.*t9.*5.0-a_2_3.*t4.*t9.*5.0+a_5_3.*t4.*t11.*t12.*5.0-a_6_3.*t4.*t11.*t12.*5.0+a_3_3.*t3.*t4.*t10.*t14.*3.0e1-a_4_3.*t3.*t4.*t10.*t14.*3.0e1-a_2_3.*t2.*t3.*t4.*t6.*t7.*2.0e1+a_3_3.*t2.*t3.*t4.*t6.*t7.*2.0e1-a_4_3.*t2.*t4.*t7.*t10.*t13.*2.0e1+a_5_3.*t4.*t7.*t10.*t13.*t16.*4.0;dq12+a_1_4.*t4.*t9.*5.0-a_2_4.*t4.*t9.*5.0+a_5_4.*t4.*t11.*t12.*5.0-a_6_4.*t4.*t11.*t12.*5.0+a_3_4.*t3.*t4.*t10.*t14.*3.0e1-a_4_4.*t3.*t4.*t10.*t14.*3.0e1-a_2_4.*t2.*t3.*t4.*t6.*t7.*2.0e1+a_3_4.*t2.*t3.*t4.*t6.*t7.*2.0e1-a_4_4.*t2.*t4.*t7.*t10.*t13.*2.0e1+a_5_4.*t4.*t7.*t10.*t13.*t16.*4.0;dq13+a_1_5.*t4.*t9.*5.0-a_2_5.*t4.*t9.*5.0+a_5_5.*t4.*t11.*t12.*5.0-a_6_5.*t4.*t11.*t12.*5.0+a_3_5.*t3.*t4.*t10.*t14.*3.0e1-a_4_5.*t3.*t4.*t10.*t14.*3.0e1-a_2_5.*t2.*t3.*t4.*t6.*t7.*2.0e1+a_3_5.*t2.*t3.*t4.*t6.*t7.*2.0e1-a_4_5.*t2.*t4.*t7.*t10.*t13.*2.0e1+a_5_5.*t4.*t7.*t10.*t13.*t16.*4.0;dq14+a_1_6.*t4.*t9.*5.0-a_2_6.*t4.*t9.*5.0+a_5_6.*t4.*t11.*t12.*5.0-a_6_6.*t4.*t11.*t12.*5.0+a_3_6.*t3.*t4.*t10.*t14.*3.0e1-a_4_6.*t3.*t4.*t10.*t14.*3.0e1-a_2_6.*t2.*t3.*t4.*t6.*t7.*2.0e1+a_3_6.*t2.*t3.*t4.*t6.*t7.*2.0e1-a_4_6.*t2.*t4.*t7.*t10.*t13.*2.0e1+a_5_6.*t4.*t7.*t10.*t13.*t16.*4.0];
