function out1 = f_intTrapPos_RightStance(in1,N)
%F_INTTRAPPOS_RIGHTSTANCE
%    OUT1 = F_INTTRAPPOS_RIGHTSTANCE(IN1,N)

%    This function was generated by the Symbolic Math Toolbox version 7.0.
%    26-Jan-2017 22:32:38

T = in1(:,1);
dq1_1 = in1(:,18);
dq1_2 = in1(:,19);
dq1_3 = in1(:,20);
dq1_4 = in1(:,21);
dq1_5 = in1(:,22);
dq1_6 = in1(:,23);
dq1_7 = in1(:,24);
dq1_8 = in1(:,25);
dq1_9 = in1(:,26);
dq2_1 = in1(:,50);
dq2_2 = in1(:,51);
dq2_3 = in1(:,52);
dq2_4 = in1(:,53);
dq2_5 = in1(:,54);
dq2_6 = in1(:,55);
dq2_7 = in1(:,56);
dq2_8 = in1(:,57);
dq2_9 = in1(:,58);
dq1_10 = in1(:,27);
dq1_11 = in1(:,28);
dq1_12 = in1(:,29);
dq1_13 = in1(:,30);
dq1_14 = in1(:,31);
dq1_15 = in1(:,32);
dq1_16 = in1(:,33);
dq2_10 = in1(:,59);
dq2_11 = in1(:,60);
dq2_12 = in1(:,61);
dq2_13 = in1(:,62);
dq2_14 = in1(:,63);
dq2_15 = in1(:,64);
dq2_16 = in1(:,65);
q1_1 = in1(:,2);
q1_2 = in1(:,3);
q1_3 = in1(:,4);
q1_4 = in1(:,5);
q1_5 = in1(:,6);
q1_6 = in1(:,7);
q1_7 = in1(:,8);
q1_8 = in1(:,9);
q1_9 = in1(:,10);
q2_1 = in1(:,34);
q2_2 = in1(:,35);
q2_3 = in1(:,36);
q2_4 = in1(:,37);
q2_5 = in1(:,38);
q2_6 = in1(:,39);
q2_7 = in1(:,40);
q2_8 = in1(:,41);
q2_9 = in1(:,42);
q1_10 = in1(:,11);
q1_11 = in1(:,12);
q1_12 = in1(:,13);
q1_13 = in1(:,14);
q1_14 = in1(:,15);
q1_15 = in1(:,16);
q1_16 = in1(:,17);
q2_10 = in1(:,43);
q2_11 = in1(:,44);
q2_12 = in1(:,45);
q2_13 = in1(:,46);
q2_14 = in1(:,47);
q2_15 = in1(:,48);
q2_16 = in1(:,49);
t2 = N-1.0;
t3 = 1.0./t2;
out1 = [-q1_1+q2_1-T.*t3.*(dq1_1+dq2_1).*(1.0./2.0);-q1_2+q2_2-T.*t3.*(dq1_2+dq2_2).*(1.0./2.0);-q1_3+q2_3-T.*t3.*(dq1_3+dq2_3).*(1.0./2.0);-q1_4+q2_4-T.*t3.*(dq1_4+dq2_4).*(1.0./2.0);-q1_5+q2_5-T.*t3.*(dq1_5+dq2_5).*(1.0./2.0);-q1_6+q2_6-T.*t3.*(dq1_6+dq2_6).*(1.0./2.0);-q1_7+q2_7-T.*t3.*(dq1_7+dq2_7).*(1.0./2.0);-q1_8+q2_8-T.*t3.*(dq1_8+dq2_8).*(1.0./2.0);-q1_9+q2_9-T.*t3.*(dq1_9+dq2_9).*(1.0./2.0);-q1_10+q2_10-T.*t3.*(dq1_10+dq2_10).*(1.0./2.0);-q1_11+q2_11-T.*t3.*(dq1_11+dq2_11).*(1.0./2.0);-q1_12+q2_12-T.*t3.*(dq1_12+dq2_12).*(1.0./2.0);-q1_13+q2_13-T.*t3.*(dq1_13+dq2_13).*(1.0./2.0);-q1_14+q2_14-T.*t3.*(dq1_14+dq2_14).*(1.0./2.0);-q1_15+q2_15-T.*t3.*(dq1_15+dq2_15).*(1.0./2.0);-q1_16+q2_16-T.*t3.*(dq1_16+dq2_16).*(1.0./2.0)];
