function out1 = f_qCont_RightStance(in1)
%F_QCONT_RIGHTSTANCE
%    OUT1 = F_QCONT_RIGHTSTANCE(IN1)

%    This function was generated by the Symbolic Math Toolbox version 7.0.
%    26-Jan-2017 22:33:43

q1_1 = in1(:,1);
q1_2 = in1(:,2);
q1_3 = in1(:,3);
q1_4 = in1(:,4);
q1_5 = in1(:,5);
q1_6 = in1(:,6);
q1_7 = in1(:,7);
q1_8 = in1(:,8);
q1_9 = in1(:,9);
q2_1 = in1(:,17);
q2_2 = in1(:,18);
q2_3 = in1(:,19);
q2_4 = in1(:,20);
q2_5 = in1(:,21);
q2_6 = in1(:,22);
q2_7 = in1(:,23);
q2_8 = in1(:,24);
q2_9 = in1(:,25);
q1_10 = in1(:,10);
q1_11 = in1(:,11);
q1_12 = in1(:,12);
q1_13 = in1(:,13);
q1_14 = in1(:,14);
q1_15 = in1(:,15);
q1_16 = in1(:,16);
q2_10 = in1(:,26);
q2_11 = in1(:,27);
q2_12 = in1(:,28);
q2_13 = in1(:,29);
q2_14 = in1(:,30);
q2_15 = in1(:,31);
q2_16 = in1(:,32);
out1 = [-q1_1+q2_1;-q1_2+q2_2;-q1_3+q2_3;-q1_4+q2_4;-q1_5+q2_5;-q1_6+q2_6;-q1_7+q2_7;-q1_8+q2_8;-q1_9+q2_9;-q1_10+q2_10;-q1_11+q2_11;-q1_12+q2_12;-q1_13+q2_13;-q1_14+q2_14;-q1_15+q2_15;-q1_16+q2_16];
