function out1 = f_y_timeBased_RightStance(in1,in2)
%F_Y_TIMEBASED_RIGHTSTANCE
%    OUT1 = F_Y_TIMEBASED_RIGHTSTANCE(IN1,IN2)

%    This function was generated by the Symbolic Math Toolbox version 7.0.
%    26-Jan-2017 22:34:08

N = in2(:,1);
a_1_1 = in1(:,18);
a_1_2 = in1(:,24);
a_1_3 = in1(:,30);
a_1_4 = in1(:,36);
a_1_5 = in1(:,42);
a_1_6 = in1(:,48);
a_2_1 = in1(:,19);
a_2_2 = in1(:,25);
a_2_3 = in1(:,31);
a_2_4 = in1(:,37);
a_2_5 = in1(:,43);
a_2_6 = in1(:,49);
a_3_1 = in1(:,20);
a_3_2 = in1(:,26);
a_3_3 = in1(:,32);
a_3_4 = in1(:,38);
a_3_5 = in1(:,44);
a_3_6 = in1(:,50);
a_4_1 = in1(:,21);
a_4_2 = in1(:,27);
a_4_3 = in1(:,33);
a_4_4 = in1(:,39);
a_4_5 = in1(:,45);
a_4_6 = in1(:,51);
a_5_1 = in1(:,22);
a_5_2 = in1(:,28);
a_5_3 = in1(:,34);
a_5_4 = in1(:,40);
a_5_5 = in1(:,46);
a_5_6 = in1(:,52);
a_6_1 = in1(:,23);
a_6_2 = in1(:,29);
a_6_3 = in1(:,35);
a_6_4 = in1(:,41);
a_6_5 = in1(:,47);
a_6_6 = in1(:,53);
index = in2(:,2);
q7 = in1(:,7);
q8 = in1(:,8);
q9 = in1(:,9);
q12 = in1(:,12);
q13 = in1(:,13);
q14 = in1(:,14);
t5 = N-1.0;
t6 = index-1.0;
t9 = 1.0./t5;
t10 = t6.*t9;
t2 = t10-1.0;
t3 = t2.^2;
t4 = t3.^2;
t7 = t6.^2;
t8 = t7.^2;
t11 = 1.0./t5.^5;
t12 = t6.*t9.*5.0;
t13 = t12-5.0;
t14 = 1.0./t5.^4;
t15 = 1.0./t5.^2;
t16 = 1.0./t5.^3;
out1 = [q7+a_1_1.*t2.*t4-a_2_1.*t4.*t6.*t9.*5.0+a_5_1.*t8.*t13.*t14-a_6_1.*t6.*t8.*t11+a_3_1.*t2.*t3.*t7.*t15.*1.0e1-a_4_1.*t3.*t6.*t7.*t16.*1.0e1;q8+a_1_2.*t2.*t4-a_2_2.*t4.*t6.*t9.*5.0+a_5_2.*t8.*t13.*t14-a_6_2.*t6.*t8.*t11+a_3_2.*t2.*t3.*t7.*t15.*1.0e1-a_4_2.*t3.*t6.*t7.*t16.*1.0e1;q9+a_1_3.*t2.*t4-a_2_3.*t4.*t6.*t9.*5.0+a_5_3.*t8.*t13.*t14-a_6_3.*t6.*t8.*t11+a_3_3.*t2.*t3.*t7.*t15.*1.0e1-a_4_3.*t3.*t6.*t7.*t16.*1.0e1;q12+a_1_4.*t2.*t4-a_2_4.*t4.*t6.*t9.*5.0+a_5_4.*t8.*t13.*t14-a_6_4.*t6.*t8.*t11+a_3_4.*t2.*t3.*t7.*t15.*1.0e1-a_4_4.*t3.*t6.*t7.*t16.*1.0e1;q13+a_1_5.*t2.*t4-a_2_5.*t4.*t6.*t9.*5.0+a_5_5.*t8.*t13.*t14-a_6_5.*t6.*t8.*t11+a_3_5.*t2.*t3.*t7.*t15.*1.0e1-a_4_5.*t3.*t6.*t7.*t16.*1.0e1;q14+a_1_6.*t2.*t4-a_2_6.*t4.*t6.*t9.*5.0+a_5_6.*t8.*t13.*t14-a_6_6.*t6.*t8.*t11+a_3_6.*t2.*t3.*t7.*t15.*1.0e1-a_4_6.*t3.*t6.*t7.*t16.*1.0e1];
