/* ATRIAS3D_B_LEFT 
 * Generated by writeOptimizedFunctions (10 Oct 2016 11:37:27)
 */

#include "ATRIAS3D_B_Left.h"

void ATRIAS3D_B_Left(const double q[13], double B[6][13])
{
  double qzT = q[0];
  double qyT = q[1];
  double qxT = q[2];
  double q1R = q[3];
  double q2R = q[4];
  double q1L = q[5];
  double q2L = q[6];
  double qgr1R = q[7];
  double qgr2R = q[8];
  double q3R = q[9];
  double qgr1L = q[10];
  double qgr2L = q[11];
  double q3L = q[12];


  B[0][0]=0;
  B[0][1]=0;
  B[0][2]=0;
  B[0][3]=0;
  B[0][4]=0;
  B[0][5]=0;
  B[0][6]=0;
  B[0][7]=0.50e2;
  B[0][8]=0;
  B[0][9]=0;
  B[0][10]=0;
  B[0][11]=0;
  B[0][12]=0;
  B[1][0]=0;
  B[1][1]=0;
  B[1][2]=0;
  B[1][3]=0;
  B[1][4]=0;
  B[1][5]=0;
  B[1][6]=0;
  B[1][7]=0;
  B[1][8]=0.50e2;
  B[1][9]=0;
  B[1][10]=0;
  B[1][11]=0;
  B[1][12]=0;
  B[2][0]=0;
  B[2][1]=0;
  B[2][2]=0;
  B[2][3]=0;
  B[2][4]=0;
  B[2][5]=0;
  B[2][6]=0;
  B[2][7]=0;
  B[2][8]=0;
  B[2][9]=0.2670000000000000e2;
  B[2][10]=0;
  B[2][11]=0;
  B[2][12]=0;
  B[3][0]=0;
  B[3][1]=0;
  B[3][2]=0;
  B[3][3]=0;
  B[3][4]=0;
  B[3][5]=0;
  B[3][6]=0;
  B[3][7]=0;
  B[3][8]=0;
  B[3][9]=0;
  B[3][10]=0.50e2;
  B[3][11]=0;
  B[3][12]=0;
  B[4][0]=0;
  B[4][1]=0;
  B[4][2]=0;
  B[4][3]=0;
  B[4][4]=0;
  B[4][5]=0;
  B[4][6]=0;
  B[4][7]=0;
  B[4][8]=0;
  B[4][9]=0;
  B[4][10]=0;
  B[4][11]=0.50e2;
  B[4][12]=0;
  B[5][0]=0;
  B[5][1]=0;
  B[5][2]=0;
  B[5][3]=0;
  B[5][4]=0;
  B[5][5]=0;
  B[5][6]=0;
  B[5][7]=0;
  B[5][8]=0;
  B[5][9]=0;
  B[5][10]=0;
  B[5][11]=0;
  B[5][12]=0.2670000000000000e2;


  return;
}

